ms	Voltage (0-3.3 V)
3837	0.65
3842	0.52
3847	0.44
3852	0.40
3857	0.38
3862	0.36
3867	0.35
3872	0.36
3877	0.35
3882	0.34
3887	0.35
3892	0.35
3897	0.33
3902	0.33
3907	0.34
3912	0.34
3917	0.33
3922	0.35
3927	0.34
3932	0.34
3937	0.34
3942	0.35
3947	0.34
3952	0.34
3957	0.35
3962	0.35
3967	0.35
3972	0.36
3977	0.35
3982	0.34
3987	0.35
3992	0.36
3997	0.35
4002	0.35
4007	0.35
4012	0.34
4017	0.34
4022	0.35
4027	0.35
4032	0.34
4037	0.34
4042	0.36
4047	0.35
4052	0.35
4057	0.35
4062	0.34
4067	0.34
4072	0.35
4077	0.36
4082	0.35
4087	0.35
4092	0.35
4097	0.34
4102	0.34
4107	0.36
4112	0.35
4117	0.34
4122	0.35
4127	0.35
4132	0.34
4137	0.34
4142	0.36
4147	0.34
4152	0.34
4157	0.35
4162	0.34
4167	0.34
4172	0.35
4177	0.35
4182	0.34
4187	0.34
4192	0.35
4197	0.34
4202	0.33
4207	0.34
4212	0.34
4217	0.34
4222	0.35
4227	0.82
4232	1.18
4237	1.42
4242	1.59
4247	1.60
4252	1.59
4257	1.65
4262	1.54
4267	1.49
4272	1.56
4277	1.55
4282	1.46
4287	1.50
4292	1.61
4297	1.51
4302	1.49
4307	1.52
4312	1.41
4317	1.36
4322	1.39
4327	1.36
4332	1.30
4337	1.32
4342	1.32
4347	1.25
4352	1.24
4357	1.26
4362	1.22
4367	1.22
4372	1.26
4377	1.25
4382	1.21
4387	1.21
4392	1.22
4397	1.18
4402	1.18
4407	1.21
4412	1.19
4417	1.18
4422	1.21
4427	1.20
4432	1.17
4437	1.19
4442	1.19
4447	1.18
4452	1.19
4457	1.21
4462	1.20
4467	1.20
4472	1.23
4477	1.24
4482	1.22
4487	1.24
4492	1.26
4497	1.25
4502	1.25
4507	1.30
4512	1.31
4517	1.31
4522	1.23
4527	1.18
4532	1.15
4537	1.15
4542	1.11
4547	1.05
4552	1.03
4557	0.84
4562	0.78
4567	0.76
4572	0.79
4577	0.80
4582	0.75
4587	0.77
4592	0.80
4597	0.76
4602	0.76
4607	0.81
4612	0.78
4617	0.75
4622	0.80
4627	0.82
4632	0.75
4637	0.72
4642	0.73
4647	0.67
4652	0.69
4657	0.75
4662	0.75
4667	0.73
4672	0.80
4677	0.81
4682	0.74
4687	0.79
4692	0.86
4697	0.79
4702	0.82
4707	0.90
4712	0.86
4717	0.82
4722	0.90
4727	0.92
4732	0.82
4737	0.87
4742	0.97
4747	0.88
4752	0.90
4757	0.97
4762	0.91
4767	0.86
4772	0.94
4777	0.92
4782	0.83
4787	0.87
4792	0.89
4797	0.83
4802	0.63
4807	0.51
4812	0.42
4817	0.38
4822	0.37
4827	0.36
4832	0.34
4837	0.35
4842	0.35
4847	0.34
4852	0.34
4857	0.35
4862	0.34
4867	0.34
4872	0.35
4877	0.35
4882	0.33
4887	0.34
4892	0.35
4897	0.34
4902	0.34
4907	0.61
4912	0.58
4917	0.54
4922	0.50
4927	0.46
4932	0.37
4937	0.42
4942	0.54
4947	0.45
4952	0.49
4957	0.59
4962	0.62
4967	0.49
4972	0.43
4977	0.40
4982	0.38
4987	0.37
4992	0.37
4997	0.36
5002	0.36
5007	0.36
5012	0.35
5017	0.35
5022	0.35
5027	0.35
5032	0.35
5037	0.35
5042	0.35
5047	0.35
5052	0.34
5057	0.34
5062	0.34
5067	0.35
5072	0.35
5077	0.35
5082	0.35
5087	0.35
5092	0.35
5097	0.35
5102	0.35
5107	0.42
5112	0.38
5117	0.36
5122	0.37
5127	0.36
5132	0.34
5137	0.35
5142	0.36
5147	0.34
5152	0.35
5157	0.36
5162	0.35
5167	0.33
5172	0.35
5177	0.37
5182	0.34
5187	0.35
5192	0.36
5197	0.34
5202	0.34
5207	1.14
5212	2.07
5217	2.02
5222	2.12
5227	2.13
5232	2.03
5237	2.01
5242	2.13
5247	2.10
5252	2.20
5257	2.37
5262	2.45
5267	2.54
5272	2.67
5277	2.73
5282	2.75
5287	2.82
5292	2.87
5297	2.87
5302	2.89
5307	2.94
5312	2.93
5317	2.94
5322	2.97
5327	2.98
5332	3.00
5337	3.03
5342	3.04
5347	3.03
5352	3.05
5357	3.06
5362	3.06
5367	3.06
5372	3.04
5377	3.02
5382	3.01
5387	3.01
5392	3.02
5397	2.99
5402	3.01
5407	2.99
5412	2.96
5417	2.95
5422	2.95
5427	2.95
5432	2.93
5437	2.95
5442	2.94
5447	2.92
5452	2.92
5457	2.93
5462	2.92
5467	2.91
5472	2.90
5477	2.87
5482	2.84
5487	2.83
5492	2.83
5497	2.80
5502	2.79
5507	2.78
5512	2.73
5517	2.69
5522	2.68
5527	2.67
5532	2.64
5537	2.62
5542	2.60
5547	2.47
5552	2.29
5557	2.21
5562	1.96
5567	1.02
5572	0.86
5577	0.64
5582	0.50
5587	0.43
5592	0.74
5597	0.73
5602	0.74
5607	0.79
5612	0.81
5617	0.60
5622	0.49
5627	0.42
5632	0.38
5637	0.37
5642	0.36
5647	0.36
5652	0.35
5657	0.35
5662	0.34
5667	0.34
5672	0.34
5677	0.34
5682	0.34
5687	0.35
5692	0.35
5697	0.35
5702	0.35
5707	0.35
5712	0.35
5717	0.35
5722	0.35
5727	0.34
5732	0.35
5737	0.35
5742	0.35
5747	0.34
5752	0.34
5757	0.34
5762	0.34
5767	0.32
5772	0.34
5777	0.34
5782	0.34
5787	0.34
5792	0.34
5797	0.34
5802	0.35
5807	0.35
5812	0.35
5817	0.34
5822	0.34
5827	0.34
5832	0.34
5837	0.34
5842	0.35
5847	0.35
5852	0.37
5857	0.37
5862	0.36
5867	0.35
5872	0.35
5877	0.35
5882	0.34
5887	0.34
5892	0.34
5897	0.34
5902	0.34
5907	0.34
5912	0.72
5917	0.73
5922	0.82
5927	0.81
5932	0.79
5937	0.82
5942	0.86
5947	0.82
5952	0.81
5957	0.81
5962	0.80
5967	0.79
5972	0.81
5977	0.80
5982	0.77
5987	0.74
5992	0.74
5997	0.74
6002	0.74
6007	0.71
6012	0.69
6017	0.71
6022	0.69
6027	0.73
6032	0.68
6037	0.70
6042	0.72
6047	0.73
6052	0.74
6057	0.78
6062	0.51
6067	0.47
6072	0.54
6077	0.69
6082	0.95
6087	1.16
6092	1.35
6097	1.23
6102	1.18
6107	0.83
6112	0.70
6117	0.40
6122	0.37
6127	0.49
6132	0.39
6137	0.00
6142	0.29
6147	0.78
6152	0.44
6157	0.41
6162	0.38
6167	0.33
6172	0.35
6177	0.38
6182	0.34
6187	0.33
6192	0.38
6197	0.36
6202	0.33
6207	0.36
6212	0.38
6217	0.33
6222	0.35
6227	0.39
6232	0.34
6237	0.33
6242	0.37
6247	0.35
6252	0.33
6257	0.88
6262	1.03
6267	0.74
6272	0.70
6277	1.75
6282	1.39
6287	1.23
6292	3.30
6297	2.59
6302	1.71
6307	1.17
6312	0.83
6317	0.62
6322	0.50
6327	1.13
6332	0.85
6337	0.82
6342	0.76
6347	0.35
6352	0.04
6357	0.36
6362	0.49
6367	0.48
6372	0.56
6377	0.58
6382	0.47
6387	0.41
6392	0.38
6397	0.36
6402	0.36
6407	0.35
6412	0.35
6417	0.35
6422	0.35
6427	0.35
6432	0.35
6437	0.35
6442	0.35
6447	0.34
6452	0.35
6457	0.35
6462	0.35
6467	0.35
6472	0.35
6477	0.34
6482	0.34
6487	0.34
6492	0.34
6497	0.34
6502	0.35
6507	0.34
6512	0.34
6517	0.34
6522	0.35
6527	0.34
6532	0.34
6537	0.34
6542	0.34
6547	0.34
6552	0.34
6557	0.34
6562	0.34
6567	0.34
6572	0.34
6577	0.34
6582	0.34
6587	0.35
6592	0.35
6597	0.35
6602	0.35
6607	0.35
6612	0.34
6617	0.34
6622	0.34
6627	0.35
6632	0.35
6637	0.34
6642	0.34
6647	0.00
6652	0.34
6657	0.70
6662	0.60
6667	0.53
6672	0.53
6677	0.54
6682	0.54
6687	0.56
6692	0.57
6697	0.57
6702	0.59
6707	0.60
6712	0.61
6717	0.61
6722	0.62
6727	0.63
6732	0.63
6737	0.63
6742	0.63
6747	0.63
6752	0.64
6757	0.65
6762	0.65
6767	0.65
6772	0.66
6777	0.67
6782	0.67
6787	0.67
6792	0.66
6797	0.65
6802	0.64
6807	0.64
6812	0.63
6817	0.61
6822	0.60
6827	0.58
6832	0.57
6837	0.57
6842	0.57
6847	0.56
6852	0.56
6857	0.56
6862	0.56
6867	0.56
6872	0.56
6877	0.56
6882	0.55
6887	0.54
6892	0.54
6897	0.52
6902	0.52
6907	0.51
6912	0.51
6917	0.50
6922	0.50
6927	0.48
6932	0.48
6937	0.48
6942	0.47
6947	0.48
6952	0.49
6957	0.50
6962	0.51
6967	0.53
6972	0.57
6977	0.68
6982	0.83
6987	0.97
6992	0.92
6997	0.95
7002	0.71
7007	0.50
7012	0.41
7017	0.38
7022	0.35
7027	0.34
7032	0.34
7037	0.34
7042	0.30
7047	0.23
7052	0.04
7057	0.07
7062	0.22
7067	0.28
7072	0.31
7077	0.33
7082	0.34
7087	0.34
7092	0.34
7097	0.34
7102	0.35
7107	0.35
7112	0.34
7117	0.35
7122	0.34
7127	0.34
7132	0.34
7137	0.34
7142	0.34
7147	0.34
7152	0.34
7157	0.34
7162	0.34
7167	0.34
7172	0.34
7177	0.34
7182	0.35
7187	0.35
7192	0.35
7197	0.34
7202	0.34
7207	0.34
7212	0.34
7217	0.34
7222	0.35
7227	0.35
7232	0.35
7237	0.34
7242	0.34
7247	0.34
7252	0.34
7257	0.34
7262	0.34
7267	0.34
7272	0.35
7277	0.34
7282	0.34
7287	0.34
7292	0.26
7297	0.00
7302	0.25
7307	0.65
7312	0.68
7317	0.73
7322	0.73
7327	0.76
7332	0.78
7337	0.79
7342	0.80
7347	0.80
7352	0.81
7357	0.82
7362	0.82
7367	0.82
7372	0.83
7377	0.82
7382	0.82
7387	0.82
7392	0.83
7397	0.83
7402	0.84
7407	0.85
7412	0.85
7417	0.85
7422	0.85
7427	0.85
7432	0.85
7437	0.84
7442	0.84
7447	0.84
7452	0.83
7457	0.84
7462	0.84
7467	0.83
7472	0.84
7477	0.84
7482	0.83
7487	0.83
7492	0.83
7497	0.83
7502	0.83
7507	0.83
7512	0.83
7517	0.83
7522	0.84
7527	0.85
7532	0.85
7537	0.85
7542	0.84
7547	0.84
7552	0.81
7557	0.80
7562	0.80
7567	0.80
7572	0.78
7577	0.79
7582	0.78
7587	0.78
7592	0.76
7597	0.72
7602	0.70
7607	0.68
7612	0.65
7617	0.60
7622	0.46
7627	0.37
7632	0.34
7637	0.31
7642	0.30
7647	0.29
7652	0.24
7657	0.23
7662	0.12
7667	0.00
7672	0.01
7677	0.20
7682	0.26
7687	0.29
7692	0.32
7697	0.33
7702	0.33
7707	0.34
7712	0.35
7717	0.34
7722	0.33
7727	0.33
7732	0.32
7737	0.31
7742	0.31
7747	0.30
7752	0.28
7757	0.28
7762	0.28
7767	0.28
7772	0.30
7777	0.32
7782	0.33
7787	0.34
7792	0.34
7797	0.35
7802	0.34
7807	0.34
7812	0.34
7817	0.34
7822	0.34
7827	0.34
7832	0.34
7837	0.34
7842	0.34
7847	0.34
7852	0.34
7857	0.34
7862	0.34
7867	0.24
7872	0.24
7877	0.28
7882	0.30
7887	0.27
7892	0.26
7897	0.23
7902	0.00
7907	0.00
7912	0.00
7917	0.00
7922	0.00
7927	0.00
7932	0.00
7937	0.00
7942	0.00
7947	0.00
7952	0.00
7957	0.05
7962	0.33
7967	0.21
7972	0.28
7977	0.31
7982	0.33
7987	0.34
7992	0.34
7997	0.34
8002	0.33
8007	0.35
8012	0.35
8017	0.34
8022	0.35
8027	0.35
8032	0.35
8037	0.35
8042	0.35
8047	0.34
8052	0.34
8057	0.35
8062	0.34
8067	0.34
8072	0.35
8077	0.36
8082	0.34
8087	0.34
8092	0.34
8097	0.34
8102	0.34
8107	0.35
8112	0.35
8117	0.34
8122	0.34
8127	0.34
8132	0.33
8137	0.34
8142	0.34
8147	0.34
8152	0.34
8157	0.35
8162	0.35
8167	0.35
8172	0.34
8177	0.34
8182	0.34
8187	0.34
8192	0.34
8197	0.34
8202	0.34
8207	0.34
8212	0.34
8217	0.34
8222	0.34
8227	0.34
8232	0.34
8237	0.34
8242	0.34
8247	0.34
8252	0.34
8257	0.34
8262	0.34
8267	0.34
8272	0.34
8277	0.35
8282	0.35
8287	0.33
8292	0.33
8297	0.33
8302	0.33
8307	0.34
8312	0.34
8317	0.34
8322	0.35
8327	0.35
8332	0.34
8337	0.35
8342	0.34
8347	0.34
8352	0.34
8357	0.34
8362	0.34
8367	0.34
8372	0.34
8377	0.35
8382	0.34
8387	0.34
8392	0.34
8397	0.34
8402	0.34
8407	0.34
8412	0.34
8417	0.34
8422	0.34
8427	0.34
8432	0.34
8437	0.35
8442	0.35
8447	0.34
8452	0.35
8457	0.34
8462	0.34
8467	0.34
8472	0.34
8477	0.34
8482	0.34
8487	1.02
8492	2.84
8497	2.66
8502	2.57
8507	2.61
8512	1.52
8517	0.65
8522	0.64
8527	0.63
8532	0.56
8537	0.47
8542	0.47
8547	0.41
8552	0.40
8557	0.35
8562	0.31
8567	0.28
8572	0.30
8577	0.30
8582	0.27
8587	0.29
8592	0.32
8597	0.30
8602	0.30
8607	0.33
8612	0.32
8617	0.32
8622	0.34
8627	0.35
8632	0.33
8637	0.35
8642	0.38
8647	0.35
8652	0.40
8657	0.43
8662	0.42
8667	0.40
8672	0.43
8677	0.43
8682	0.41
8687	0.43
8692	0.45
8697	0.42
8702	0.43
8707	0.45
8712	0.44
8717	0.43
8722	0.45
8727	0.46
8732	0.44
8737	0.45
8742	0.47
8747	0.44
8752	0.46
8757	0.47
8762	0.46
8767	0.45
8772	0.51
8777	0.57
8782	0.64
8787	0.93
8792	2.40
8797	1.43
8802	2.58
8807	3.30
8812	3.30
8817	2.10
8822	2.26
8827	2.29
8832	2.23
8837	2.31
8842	2.15
8847	2.02
8852	2.09
8857	2.08
8862	1.96
8867	1.68
8872	1.23
8877	1.09
8882	0.97
8887	0.88
8892	0.81
8897	0.70
8902	0.68
8907	0.52
8912	0.43
8917	0.39
8922	0.37
8927	0.35
8932	0.35
8937	0.35
8942	0.35
8947	0.34
8952	0.33
8957	0.34
8962	0.34
8967	0.34
8972	0.34
8977	0.35
8982	0.35
8987	0.34
8992	0.34
8997	0.34
9002	0.34
9007	0.34
9012	0.34
9017	0.34
9022	0.34
9027	0.34
9032	0.34
9037	0.35
9042	0.07
9047	0.05
9052	0.07
9057	0.12
9062	0.16
9067	0.24
9072	0.32
9077	0.34
9082	0.34
9087	0.35
9092	0.40
9097	0.44
9102	0.46
9107	0.51
9112	0.53
9117	0.52
9122	0.52
9127	0.50
9132	0.46
9137	0.43
9142	0.41
9147	0.35
9152	0.32
9157	0.30
9162	0.26
9167	0.30
9172	0.64
9177	0.67
9182	0.68
9187	0.71
9192	0.73
9197	0.70
9202	0.68
9207	0.69
9212	0.69
9217	0.67
9222	0.68
9227	0.54
9232	0.44
9237	0.40
9242	0.37
9247	0.36
9252	0.35
9257	0.35
9262	0.34
9267	0.34
9272	0.34
9277	0.34
9282	0.34
9287	0.34
9292	0.34
9297	0.34
9302	0.34
9307	0.34
9312	0.34
9317	0.34
9322	0.34
9327	0.34
9332	0.33
9337	0.34
9342	0.34
9347	0.34
9352	0.34
9357	0.34
9362	0.34
9367	0.34
9372	0.34
9377	0.34
9382	0.34
9387	0.34
9392	0.34
9397	0.34
9402	0.34
9407	0.36
9412	0.36
9417	0.36
9422	0.36
9427	0.36
9432	0.36
9437	0.36
9442	0.36
9447	0.37
9452	0.37
9457	0.37
9462	0.37
9467	0.36
9472	0.37
9477	0.37
9482	0.36
9487	0.37
9492	0.37
9497	0.37
9502	0.37
9507	0.36
9512	0.38
9517	0.37
9522	0.38
9527	0.39
9532	0.40
9537	0.41
9542	0.42
9547	0.42
9552	0.43
9557	0.45
9562	0.46
9567	0.40
9572	0.48
9577	0.49
9582	0.50
9587	0.52
9592	0.55
9597	0.54
9602	0.56
9607	0.57
9612	0.47
9617	0.41
9622	0.39
9627	0.37
9632	0.36
9637	0.35
9642	0.35
9647	0.35
9652	0.35
9657	0.35
9662	0.34
9667	0.34
9672	0.34
9677	0.34
9682	0.34
9687	0.34
9692	0.34
9697	0.32
9702	0.32
9707	0.32
9712	0.33
9717	0.33
9722	0.33
9727	0.33
9732	0.32
9737	0.32
9742	0.33
9747	0.32
9752	0.32
9757	0.34
9762	0.34
9767	0.32
9772	0.31
9777	0.32
9782	0.31
9787	0.30
9792	0.32
9797	0.32
9802	0.30
9807	0.30
9812	0.32
9817	0.33
9822	0.34
9827	0.34
9832	0.35
9837	0.34
9842	0.34
9847	0.35
9852	0.35
9857	0.34
9862	0.34
9867	0.34
9872	0.34
9877	0.34
9882	0.34
9887	0.34
9892	0.34
9897	0.34
9902	0.34
9907	0.34
9912	0.34
9917	0.34
9922	0.34
9927	0.34
9932	0.68
9937	0.86
9942	1.19
9947	1.37
9952	1.57
9957	1.94
9962	2.10
9967	2.12
9972	2.18
9977	2.24
9982	2.08
9987	2.09
9992	2.11
9997	2.03
10002	2.00
10007	1.99
10012	1.97
10017	1.93
10022	1.92
10027	1.92
10032	1.87
10037	1.85
10042	1.86
10047	1.81
10052	1.81
10057	1.83
10062	1.83
10067	1.80
10072	1.83
10077	1.87
10082	1.92
10087	1.95
10092	1.85
10097	1.72
10102	1.71
10107	1.77
10112	2.32
10117	2.36
10122	2.06
10127	1.65
10132	1.21
10137	0.95
10142	0.80
10147	0.59
10152	0.26
10157	0.00
10162	0.00
10167	0.00
10172	0.00
10177	0.00
10182	0.00
10187	0.00
10192	0.00
10197	0.00
10202	0.00
10207	0.01
10212	0.17
10217	0.24
10222	0.28
10227	0.30
10232	0.31
10237	0.31
10242	0.32
10247	0.33
10252	0.32
10257	0.32
10262	0.32
10267	0.31
10272	0.30
10277	0.29
10282	0.27
10287	0.24
10292	0.23
10297	0.23
10302	0.15
10307	0.00
10312	0.00
10317	0.00
10322	0.00
10327	0.00
10332	0.00
10337	0.00
10342	0.00
10347	0.00
10352	0.00
10357	0.00
10362	0.00
10367	0.00
10372	0.00
10377	0.00
10382	0.00
10387	0.00
10392	0.00
10397	0.00
10402	0.00
10407	0.00
10412	0.00
10417	0.00
10422	0.00
10427	0.00
10432	0.00
10437	0.00
10442	0.00
10447	0.00
10452	0.00
10457	0.00
10462	0.00
10467	0.00
10472	0.00
10477	0.00
10482	0.00
10487	0.00
10492	0.00
10497	0.07
10502	0.11
10507	0.17
10512	0.24
10517	0.27
10522	0.29
10527	0.31
10532	0.31
10537	0.30
10542	0.31
10547	0.33
10552	0.33
10557	0.33
10562	0.34
10567	0.34
10572	0.35
10577	0.38
10582	0.41
10587	0.42
10592	0.41
10597	0.42
10602	0.40
10607	0.56
10612	0.56
10617	0.44
10622	0.38
10627	0.36
10632	0.35
10637	0.34
10642	0.34
10647	0.33
10652	0.33
10657	0.33
10662	0.34
10667	0.34
10672	0.34
10677	0.34
10682	0.34
10687	0.34
10692	0.35
10697	0.34
10702	0.34
10707	0.34
10712	0.34
10717	0.34
10722	0.34
10727	0.35
10732	0.35
10737	0.34
10742	0.34
10747	0.34
10752	0.34
10757	0.34
10762	0.35
10767	0.34
10772	0.34
10777	0.34
10782	0.35
10787	0.35
10792	0.34
10797	0.34
10802	0.34
10807	0.34
10812	0.34
10817	0.34
10822	0.35
10827	0.34
10832	0.35
10837	0.34
10842	0.34
10847	0.34
10852	0.34
10857	0.34
10862	0.34
10867	0.34
10872	0.34
10877	0.34
10882	0.34
10887	0.34
10892	0.34
10897	0.35
10902	0.34
10907	0.34
10912	0.34
10917	0.34
10922	0.34
10927	0.34
10932	0.33
10937	0.34
10942	0.34
10947	0.33
10952	0.33
10957	0.34
10962	0.34
10967	0.34
10972	0.00
10977	0.18
10982	0.21
10987	0.18
10992	0.20
10997	0.18
11002	0.21
11007	0.25
11012	0.25
11017	0.24
11022	0.28
11027	0.30
11032	0.28
11037	0.29
11042	0.31
11047	0.31
11052	0.31
11057	0.34
11062	0.34
11067	0.32
11072	0.34
11077	0.34
11082	0.32
11087	0.33
11092	0.35
11097	0.33
11102	0.33
11107	0.36
11112	0.36
11117	0.34
11122	0.36
11127	0.37
11132	0.34
11137	0.35
11142	0.38
11147	0.35
11152	0.35
11157	0.37
11162	0.36
11167	0.34
11172	0.35
11177	0.36
11182	0.34
11187	0.35
11192	0.38
11197	0.36
11202	0.36
11207	0.39
11212	0.37
11217	0.24
11222	0.22
11227	0.20
11232	0.17
11237	0.15
11242	0.18
11247	0.15
11252	0.13
11257	0.13
11262	0.15
11267	0.23
11272	0.29
11277	0.31
11282	0.32
11287	0.33
11292	0.33
11297	0.32
11302	0.33
11307	0.34
11312	0.34
11317	0.33
11322	0.35
11327	0.35
11332	0.33
11337	0.34
11342	0.35
11347	0.34
11352	0.00
11357	0.15
11362	0.26
11367	0.00
11372	0.00
11377	3.30
11382	2.71
11387	1.77
11392	1.22
11397	0.86
11402	0.00
11407	0.00
11412	0.18
11417	0.20
11422	0.26
11427	0.31
11432	0.30
11437	0.27
11442	0.31
11447	0.32
11452	0.27
11457	0.31
11462	0.33
11467	0.29
11472	0.30
11477	0.33
11482	0.32
11487	0.30
11492	0.33
11497	0.33
11502	0.28
11507	0.32
11512	0.33
11517	0.30
11522	0.31
11527	0.33
11532	0.31
11537	0.29
11542	0.32
11547	0.32
11552	0.28
11557	0.32
11562	0.33
11567	0.28
11572	0.29
11577	0.32
11582	0.28
11587	0.17
11592	0.27
11597	0.27
11602	0.00
11607	0.07
11612	0.21
11617	0.00
11622	0.00
11627	0.13
11632	0.00
11637	0.00
11642	0.04
11647	0.00
11652	0.00
11657	0.00
11662	0.14
11667	0.00
11672	0.00
11677	0.14
11682	0.00
11687	0.00
11692	0.11
11697	0.13
11702	0.00
11707	0.00
11712	0.16
11717	0.00
11722	0.00
11727	0.15
11732	0.01
11737	0.00
11742	0.10
11747	0.12
11752	0.00
11757	0.03
11762	0.20
11767	0.07
11772	0.08
11777	0.23
11782	0.27
11787	0.28
11792	0.31
11797	0.32
11802	0.31
11807	0.33
11812	0.33
11817	0.33
11822	0.33
11827	0.34
11832	0.33
11837	0.33
11842	0.34
11847	0.34
11852	0.33
11857	0.34
11862	0.34
11867	0.33
11872	0.33
11877	0.34
11882	0.33
11887	0.33
11892	0.34
11897	0.34
11902	0.34
11907	0.34
11912	0.34
11917	0.33
11922	0.33
11927	0.33
11932	0.33
11937	0.33
11942	0.34
11947	0.33
11952	0.33
11957	0.34
11962	0.34
11967	0.33
11972	0.34
11977	0.34
11982	0.32
11987	0.29
11992	0.28
11997	0.26
12002	0.32
12007	0.39
12012	1.15
12017	1.69
12022	1.72
12027	1.74
12032	1.76
12037	1.75
12042	1.71
12047	1.67
12052	1.65
12057	1.65
12062	1.63
12067	1.62
12072	1.62
12077	1.60
12082	1.59
12087	1.57
12092	1.56
12097	1.54
12102	1.53
12107	1.53
12112	1.52
12117	1.51
12122	1.51
12127	1.51
12132	1.50
12137	1.50
12142	1.50
12147	1.49
12152	1.49
12157	1.49
12162	1.49
12167	1.48
12172	1.49
12177	1.49
12182	1.48
12187	1.48
12192	1.48
12197	1.48
12202	1.48
12207	1.48
12212	1.48
12217	1.47
12222	1.47
12227	1.46
12232	1.46
12237	1.45
12242	1.46
12247	1.45
12252	1.47
12257	1.49
12262	1.50
12267	1.52
12272	1.55
12277	1.57
12282	1.57
12287	1.57
12292	1.51
12297	1.43
12302	1.39
12307	1.34
12312	1.26
12317	1.20
12322	1.07
12327	0.37
12332	0.28
12337	0.27
12342	0.29
12347	0.27
12352	0.29
12357	0.32
12362	0.26
12367	0.22
12372	0.25
12377	0.27
12382	0.23
12387	0.24
12392	0.25
12397	0.20
12402	0.18
12407	0.21
12412	0.20
12417	0.16
12422	0.19
12427	0.20
12432	0.15
12437	0.16
12442	0.19
12447	0.15
12452	0.13
12457	0.13
12462	0.11
12467	0.07
12472	0.10
12477	0.12
12482	0.07
12487	0.09
12492	0.13
12497	0.09
12502	0.11
12507	0.17
12512	0.21
12517	0.25
12522	0.30
12527	0.32
12532	0.33
12537	0.34
12542	0.34
12547	0.34
12552	0.34
12557	0.34
12562	0.34
12567	0.34
12572	0.34
12577	0.34
12582	0.34
12587	0.34
12592	0.34
12597	0.34
12602	0.34
12607	0.34
12612	0.34
12617	0.28
12622	0.20
12627	0.24
12632	0.14
12637	0.03
12642	0.19
12647	0.25
12652	0.28
12657	0.31
12662	0.33
12667	0.34
12672	0.34
12677	0.36
12682	0.35
12687	0.35
12692	0.35
12697	0.34
12702	0.34
12707	0.34
12712	0.34
12717	0.34
12722	0.34
12727	0.34
12732	0.34
12737	0.34
12742	0.34
12747	0.34
12752	0.34
12757	0.34
12762	0.34
12767	0.34
12772	0.34
12777	0.34
12782	0.34
12787	0.34
12792	0.34
12797	0.34
12802	0.34
12807	0.34
12812	0.34
12817	0.34
12822	0.34
12827	0.34
12832	0.34
12837	0.35
12842	0.34
12847	0.34
12852	0.34
12857	0.34
12862	0.34
12867	0.34
12872	0.34
12877	0.34
12882	0.34
12887	0.34
12892	0.34
12897	0.34
12902	0.34
12907	0.34
12912	0.34
12917	0.34
12922	0.34
12927	0.34
12932	0.34
12937	0.34
12942	0.34
12947	0.34
12952	0.34
12957	0.34
12962	0.34
12967	0.35
12972	0.35
12977	0.35
12982	0.34
12987	0.34
12992	0.34
12997	0.34
13002	0.34
13007	0.34
13012	0.34
13017	0.34
13022	0.34
13027	0.35
13032	0.34
13037	0.35
13042	0.34
13047	0.34
13052	0.34
13057	0.34
13062	0.34
13067	0.34
13072	0.35
13077	0.35
13082	0.34
13087	0.34
13092	0.34
13097	0.34
13102	0.34
13107	0.34
13112	0.34
13117	0.34
13122	0.77
13127	0.79
13132	0.67
13137	0.64
13142	0.58
13147	0.55
13152	0.52
13157	0.52
13162	0.51
13167	0.50
13172	0.50
13177	0.50
13182	0.50
13187	0.50
13192	0.51
13197	0.51
13202	0.52
13207	0.53
13212	0.54
13217	0.55
13222	0.56
13227	0.57
13232	0.56
13237	0.57
13242	0.58
13247	0.57
13252	0.57
13257	0.58
13262	0.58
13267	0.58
13272	0.60
13277	0.62
13282	0.64
13287	0.66
13292	0.67
13297	0.67
13302	0.67
13307	0.69
13312	0.69
13317	0.69
13322	0.70
13327	0.69
13332	0.67
13337	0.67
13342	0.67
13347	0.63
13352	0.55
13357	0.55
13362	0.45
13367	0.39
13372	0.36
13377	0.35
13382	0.34
13387	0.34
13392	0.34
13397	0.34
13402	0.34
13407	0.34
13412	0.35
13417	0.35
13422	0.34
13427	0.34
13432	0.34
13437	0.34
13442	0.35
13447	0.34
13452	0.35
13457	0.35
13462	0.34
13467	0.34
13472	0.34
13477	0.34
13482	0.34
13487	0.34
13492	0.34
13497	0.34
13502	0.34
13507	0.34
13512	0.34
13517	0.34
13522	0.34
13527	0.34
13532	0.34
13537	0.35
13542	0.34
13547	0.34
13552	0.34
13557	0.34
13562	0.34
13567	0.34
13572	0.34
13577	0.34
13582	0.34
13587	0.34
13592	0.34
13597	0.34
13602	0.34
13607	0.34
13612	0.34
13617	0.34
13622	0.34
13627	0.34
13632	0.34
13637	0.34
13642	0.34
13647	0.34
13652	0.34
13657	0.34
13662	0.34
13667	0.34
13672	0.34
13677	0.34
13682	0.34
13687	0.34
13692	0.34
13697	0.34
13702	0.34
13707	0.34
13712	0.34
13717	0.34
13722	0.34
13727	0.35
13732	0.34
13737	0.34
13742	0.34
13747	0.34
13752	0.34
13757	0.35
13762	0.35
13767	1.44
13772	1.30
13777	1.05
13782	1.11
13787	1.26
13792	1.30
13797	1.34
13802	1.40
13807	1.46
13812	1.54
13817	1.60
13822	1.78
13827	2.01
13832	2.08
13837	2.14
13842	2.19
13847	2.18
13852	2.19
13857	2.21
13862	2.19
13867	2.20
13872	2.22
13877	2.23
13882	1.92
13887	1.58
13892	0.95
13897	0.34
13902	0.21
13907	0.28
13912	0.32
13917	0.33
13922	0.32
13927	0.31
13932	0.31
13937	0.31
13942	0.33
13947	0.33
13952	0.34
13957	0.34
13962	0.34
13967	0.34
13972	0.34
13977	0.36
13982	0.34
13987	0.33
13992	0.35
13997	0.34
14002	0.33
14007	0.34
14012	0.35
14017	0.34
14022	0.34
14027	0.35
14032	0.34
14037	0.33
14042	0.35
14047	0.35
14052	0.34
14057	0.35
14062	0.35
14067	0.33
14072	0.34
14077	0.35
14082	0.34
14087	0.34
14092	0.35
14097	0.35
14102	0.34
14107	0.35
14112	0.36
14117	0.34
14122	0.34
14127	0.35
14132	0.34
14137	0.34
14142	0.35
14147	0.35
14152	0.34
14157	0.34
14162	0.35
14167	0.34
14172	0.34
14177	0.35
14182	0.34
14187	0.33
14192	0.35
14197	0.35
14202	0.33
14207	0.35
14212	0.36
14217	0.34
14222	0.34
14227	0.36
14232	0.34
14237	0.33
14242	0.35
14247	0.35
14252	0.35
14257	0.26
14262	0.82
14267	1.01
14272	0.90
14277	0.65
14282	0.74
14287	0.69
14292	0.61
14297	0.54
14302	0.51
14307	0.48
14312	0.46
14317	0.47
14322	0.46
14327	0.49
14332	0.48
14337	0.49
14342	0.50
14347	0.48
14352	0.47
14357	0.47
14362	0.46
14367	0.44
14372	0.44
14377	0.44
14382	0.43
14387	0.43
14392	0.44
14397	0.43
14402	0.42
14407	0.42
14412	0.41
14417	0.42
14422	0.38
14427	0.37
14432	0.35
14437	0.34
14442	0.34
14447	0.34
14452	0.34
14457	0.34
14462	0.34
14467	0.34
14472	0.34
14477	0.34
14482	0.34
14487	0.34
14492	0.34
14497	0.34
14502	0.34
14507	0.33
14512	0.31
14517	0.30
14522	0.31
14527	0.34
14532	0.00
14537	0.00
14542	0.18
14547	0.26
14552	0.00
14557	0.00
14562	3.30
14567	0.00
14572	0.00
14577	3.30
14582	2.53
14587	1.62
14592	1.18
14597	0.82
14602	0.59
14607	0.24
14612	0.33
14617	0.33
14622	0.35
14627	1.06
14632	0.79
14637	0.59
14642	1.02
14647	1.78
14652	1.20
14657	1.29
14662	2.71
14667	1.80
14672	1.23
14677	2.13
14682	1.59
14687	1.10
14692	1.60
14697	1.86
14702	1.25
14707	0.89
14712	0.69
14717	0.53
14722	0.44
14727	0.42
14732	0.38
14737	0.37
14742	0.36
14747	0.36
14752	0.35
14757	0.35
14762	0.35
14767	0.34
14772	0.34
14777	0.34
14782	0.33
14787	0.31
14792	0.33
14797	0.33
14802	0.33
14807	0.34
14812	0.36
14817	0.33
14822	0.32
14827	0.41
14832	0.74
14837	0.75
14842	0.71
14847	0.69
14852	0.71
14857	0.74
14862	0.73
14867	0.73
14872	0.72
14877	0.71
14882	0.69
14887	0.68
14892	0.68
14897	0.67
14902	0.64
14907	0.67
14912	0.67
14917	0.66
14922	0.67
14927	0.67
14932	0.67
14937	0.67
14942	0.67
14947	0.67
14952	0.66
14957	0.67
14962	0.66
14967	0.66
14972	0.66
14977	0.66
14982	0.65
14987	0.65
14992	0.65
14997	0.64
15002	0.63
15007	0.64
15012	0.63
15017	0.63
15022	0.63
15027	0.63
15032	0.62
15037	0.63
15042	0.64
15047	0.63
15052	0.63
15057	0.63
15062	0.63
15067	0.63
15072	0.64
15077	0.64
15082	0.62
15087	0.62
15092	0.58
15097	0.47
15102	0.41
15107	0.38
15112	0.37
15117	0.36
15122	0.35
15127	0.35
15132	0.35
15137	0.35
15142	0.35
15147	0.34
15152	0.34
15157	0.34
15162	0.34
15167	0.35
15172	0.34
15177	0.35
15182	0.34
15187	0.34
15192	0.34
15197	0.34
15202	0.34
15207	0.35
15212	0.34
15217	0.34
15222	0.34
15227	0.34
15232	0.34
15237	0.35
15242	0.35
15247	0.34
15252	0.35
15257	0.34
15262	0.34
15267	0.34
15272	0.34
15277	0.34
15282	0.35
15287	0.35
15292	0.34
15297	0.34
15302	0.34
15307	0.34
15312	0.34
15317	0.35
15322	0.35
15327	0.35
15332	0.35
15337	0.35
15342	0.36
15347	0.35
15352	0.34
15357	0.35
15362	0.35
15367	0.34
15372	0.34
15377	0.35
15382	0.34
15387	0.34
15392	0.35
15397	0.34
15402	0.34
15407	0.35
15412	0.35
15417	0.34
15422	0.34
15427	0.35
15432	0.34
15437	0.34
15442	0.35
15447	0.34
15452	0.34
15457	0.35
15462	0.34
15467	0.34
15472	0.34
15477	0.35
15482	0.34
15487	0.34
15492	0.34
15497	0.34
15502	0.34
15507	0.35
15512	0.34
15517	0.32
15522	0.27
15527	0.27
15532	0.30
15537	0.31
15542	0.32
15547	0.34
15552	0.34
15557	0.34
15562	0.34
15567	0.34
15572	0.34
15577	0.34
15582	0.34
15587	0.35
15592	0.34
15597	0.34
15602	0.34
15607	0.34
15612	0.34
15617	0.34
15622	0.34
15627	0.34
15632	0.34
15637	0.35
15642	0.35
15647	0.34
15652	0.35
15657	0.35
15662	0.34
15667	0.34
15672	0.34
15677	0.34
15682	0.34
15687	0.34
15692	0.34
15697	0.34
15702	0.34
15707	0.34
15712	0.34
15717	0.34
15722	0.34
15727	0.34
15732	0.34
15737	0.34
15742	0.35
15747	0.35
15752	0.35
15757	0.34
15762	0.34
15767	0.34
15772	0.34
15777	0.34
15782	0.35
15787	0.35
15792	0.34
15797	0.34
15802	0.34
15807	0.34
15812	0.34
15817	0.24
15822	0.28
15827	0.47
15832	0.34
15837	0.25
15842	0.42
15847	0.42
15852	0.24
15857	0.35
15862	0.48
15867	0.26
15872	0.28
15877	0.49
15882	0.33
15887	0.24
15892	0.43
15897	0.42
15902	0.23
15907	0.35
15912	0.48
15917	0.26
15922	0.29
15927	0.49
15932	0.33
15937	0.24
15942	0.43
15947	0.42
15952	0.23
15957	0.35
15962	0.48
15967	0.26
15972	0.29
15977	0.48
15982	0.33
15987	0.25
15992	0.42
15997	0.41
16002	0.31
16007	0.34
16012	0.33
16017	0.32
16022	0.96
16027	0.89
16032	0.63
16037	0.51
16042	0.45
16047	0.40
16052	0.37
16057	0.36
16062	0.36
16067	0.35
16072	0.35
16077	0.34
16082	0.35
16087	0.35
16092	0.34
16097	0.35
16102	0.35
16107	0.34
16112	0.35
16117	0.35
16122	0.35
16127	0.35
16132	0.34
16137	0.35
16142	0.34
16147	0.34
16152	0.34
16157	0.34
16162	0.34
16167	0.34
16172	0.34
16177	0.35
16182	0.34
16187	0.34
16192	0.34
16197	0.34
16202	0.34
16207	0.34
16212	0.34
16217	0.35
16222	0.35
16227	0.35
16232	0.34
16237	0.34
16242	0.34
16247	0.34
16252	0.34
16257	0.34
16262	0.34
16267	0.34
16272	0.34
16277	0.34
16282	0.34
16287	0.34
16292	0.34
16297	0.34
16302	0.34
16307	0.34
16312	0.34
16317	0.34
16322	0.34
16327	0.47
16332	0.33
16337	0.25
16342	0.41
16347	0.42
16352	0.24
16357	0.35
16362	0.47
16367	0.26
16372	0.28
16377	0.47
16382	0.33
16387	0.24
16392	0.42
16397	0.42
16402	0.24
16407	0.34
16412	0.47
16417	0.26
16422	0.28
16427	0.47
16432	0.33
16437	0.24
16442	0.42
16447	0.42
16452	0.24
16457	0.35
16462	0.47
16467	0.26
16472	0.28
16477	0.47
16482	0.33
16487	0.25
16492	0.40
16497	0.32
16502	0.33
16507	0.30
16512	0.30
16517	0.26
16522	0.31
16527	0.34
16532	0.34
16537	0.34
16542	0.34
16547	0.35
16552	0.34
16557	0.34
16562	0.35
16567	0.34
16572	0.34
16577	0.34
16582	0.34
16587	0.34
16592	0.34
16597	0.34
16602	0.34
16607	0.34
16612	0.34
16617	0.34
16622	0.34
16627	0.34
16632	0.34
16637	0.34
16642	0.34
16647	0.34
16652	0.34
16657	0.35
16662	0.34
16667	0.34
16672	0.34
16677	0.35
16682	0.30
16687	0.26
16692	0.40
16697	0.41
16702	0.27
16707	0.35
16712	0.44
16717	0.28
16722	0.30
16727	0.44
16732	0.34
16737	0.27
16742	0.40
16747	0.40
16752	0.26
16757	0.35
16762	0.44
16767	0.28
16772	0.29
16777	0.44
16782	0.33
16787	0.27
16792	0.41
16797	0.40
16802	0.26
16807	0.35
16812	0.45
16817	0.28
16822	0.29
16827	0.45
16832	0.33
16837	0.26
16842	0.41
16847	0.40
16852	0.25
16857	0.35
16862	0.45
16867	0.28
16872	0.30
16877	0.44
16882	0.33
16887	0.32
16892	0.34
16897	0.34
16902	0.34
16907	0.34
16912	0.34
16917	0.35
16922	0.34
16927	0.34
16932	0.34
16937	0.34
16942	0.34
16947	0.34
16952	0.34
16957	0.34
16962	0.35
16967	0.35
16972	0.35
16977	0.35
16982	0.34
16987	0.34
16992	0.34
16997	0.34
17002	0.34
17007	0.34
17012	0.34
17017	0.34
17022	0.35
17027	0.44
17032	0.33
17037	0.27
17042	0.39
17047	0.39
17052	0.26
17057	0.34
17062	0.42
17067	0.28
17072	0.30
17077	0.43
17082	0.34
17087	0.27
17092	0.39
17097	0.39
17102	0.28
17107	0.34
17112	0.42
17117	0.29
17122	0.30
17127	0.42
17132	0.34
17137	0.28
17142	0.38
17147	0.38
17152	0.28
17157	0.34
17162	0.40
17167	0.30
17172	0.31
17177	0.40
17182	0.34
17187	0.29
17192	0.36
17197	0.37
17202	0.00
17207	0.00
17212	3.30
17217	0.00
17222	0.00
17227	3.30
17232	3.27
17237	0.00
17242	1.64
17247	3.30
17252	0.00
17257	0.00
17262	3.30
17267	0.11
17272	0.27
17277	3.30
17282	2.67
17287	1.76
17292	3.11
17297	3.30
17302	2.14
17307	1.81
17312	3.30
17317	2.18
17322	1.46
17327	3.30
17332	2.54
17337	1.67
17342	2.41
17347	3.21
17352	2.07
17357	1.80
17362	3.30
17367	2.21
17372	1.47
17377	1.02
17382	0.70
17387	0.54
17392	0.46
17397	1.48
17402	1.25
17407	1.80
17412	1.72
17417	1.59
17422	2.55
17427	2.90
17432	2.18
17437	2.42
17442	2.96
17447	2.74
17452	2.33
17457	2.77
17462	3.30
17467	0.83
17472	0.10
17477	3.30
17482	2.04
17487	0.00
17492	2.14
17497	3.11
17502	0.10
17507	1.04
17512	3.30
17517	0.47
17522	0.00
17527	0.31
17532	0.42
17537	0.37
17542	0.37
17547	0.36
17552	0.35
17557	0.35
17562	0.36
17567	0.34
17572	0.34
17577	0.34
17582	0.34
17587	0.34
17592	0.36
17597	0.35
17602	0.32
17607	0.34
17612	0.37
17617	0.33
17622	0.00
17627	2.33
17632	2.33
17637	1.52
17642	1.07
17647	0.78
17652	0.56
17657	0.47
17662	0.42
17667	0.37
17672	0.35
17677	0.36
17682	0.35
17687	0.34
17692	0.35
17697	0.35
17702	0.33
17707	0.34
17712	0.35
17717	0.33
17722	0.34
17727	0.35
17732	0.34
17737	0.34
17742	0.34
17747	0.28
17752	0.32
17757	0.33
17762	0.33
17767	0.31
17772	0.33
17777	0.34
17782	0.32
17787	0.33
17792	0.35
17797	0.34
17802	0.33
17807	0.34
17812	0.34
17817	0.39
17822	0.39
17827	0.39
17832	0.36
17837	0.36
17842	0.36
17847	0.36
17852	0.35
17857	0.36
17862	0.36
17867	0.35
17872	0.35
17877	0.35
17882	0.32
17887	0.33
17892	0.34
17897	0.34
17902	0.34
17907	0.35
17912	0.34
17917	0.34
17922	0.34
17927	0.34
17932	0.33
17937	0.34
17942	0.34
17947	0.34
17952	0.33
17957	0.35
17962	0.35
17967	0.34
17972	0.34
17977	0.35
17982	0.34
17987	0.34
17992	0.35
17997	0.34
18002	0.34
18007	0.34
18012	0.34
18017	0.34
18022	0.35
18027	0.35
18032	0.34
18037	0.35
18042	0.35
18047	0.34
18052	0.34
18057	0.34
18062	0.34
18067	0.34
18072	0.34
18077	0.34
18082	0.34
18087	0.34
18092	0.34
18097	0.34
18102	0.35
18107	0.35
18112	0.35
18117	0.35
18122	0.35
18127	0.35
18132	0.34
18137	0.36
18142	0.36
18147	0.36
18152	0.35
18157	0.38
18162	3.30
18167	3.30
18172	1.14
18177	3.30
18182	1.58
18187	0.00
18192	0.17
18197	0.26
18202	0.31
18207	0.33
18212	0.34
18217	0.34
18222	0.34
18227	0.34
18232	0.34
18237	0.34
18242	0.34
18247	0.34
18252	0.34
18257	0.34
18262	0.34
18267	0.34
18272	0.34
18277	0.34
18282	0.34
18287	0.34
18292	0.34
18297	0.34
18302	0.34
18307	0.34
18312	0.34
18317	0.34
18322	0.34
18327	0.34
18332	0.34
18337	0.34
18342	0.34
18347	0.34
18352	0.35
18357	0.34
18362	0.34
18367	0.34
18372	0.34
18377	0.34
18382	0.34
18387	0.34
18392	0.34
18397	0.34
18402	0.34
18407	0.34
18412	0.34
18417	0.34
18422	0.34
18427	0.34
18432	0.34
18437	0.34
18442	0.34
18447	0.34
18452	0.34
18457	0.34
18462	0.34
18467	0.34
18472	0.34
18477	0.34
18482	0.34
18487	0.34
18492	0.34
18497	0.34
18502	0.34
18507	0.34
18512	0.34
18517	0.34
18522	0.34
18527	0.34
18532	0.34
18537	0.34
18542	0.34
18547	0.34
18552	0.34
18557	0.34
18562	0.34
18567	0.34
18572	0.34
18577	0.34
18582	0.34
18587	0.34
18592	0.34
18597	0.34
18602	0.35
18607	0.34
18612	0.34
18617	0.34
18622	0.34
18627	0.34
18632	0.19
18637	0.00
18642	0.00
18647	0.00
18652	0.00
18657	0.02
18662	0.20
18667	0.25
18672	0.28
18677	0.31
18682	0.31
18687	0.29
18692	0.31
18697	0.31
18702	0.31
18707	0.31
18712	0.32
18717	0.32
18722	0.33
18727	0.34
18732	0.33
18737	0.33
18742	0.34
18747	0.33
18752	0.34
18757	0.34
18762	0.34
18767	0.33
18772	0.33
18777	0.34
18782	0.34
18787	0.34
18792	0.34
18797	0.34
18802	0.34
18807	0.34
18812	0.15
18817	0.07
18822	0.07
18827	0.13
18832	0.08
18837	0.00
18842	0.00
18847	0.00
18852	0.00
18857	0.00
18862	0.00
18867	0.00
18872	0.00
18877	0.00
18882	0.00
18887	0.17
18892	0.26
18897	0.30
18902	0.32
18907	0.33
18912	0.33
18917	0.34
18922	0.34
18927	0.34
18932	0.34
18937	0.34
18942	0.35
18947	0.34
18952	0.34
18957	0.34
18962	0.34
18967	0.34
18972	0.34
18977	0.34
18982	0.34
18987	0.34
18992	0.34
18997	0.34
19002	0.34
19007	0.34
19012	0.34
19017	0.34
19022	0.34
19027	0.34
19032	0.34
19037	0.34
19042	0.34
19047	0.34
19052	0.34
19057	0.34
19062	0.34
19067	0.34
19072	0.34
19077	0.34
19082	0.34
19087	0.34
19092	0.34
19097	0.34
19102	0.34
19107	0.34
19112	0.34
19117	0.34
19122	0.34
19127	0.34
19132	0.34
19137	0.34
19142	0.34
19147	0.34
19152	0.35
19157	0.34
19162	0.34
19167	0.34
19172	0.34
19177	0.34
19182	0.34
19187	0.34
19192	0.34
19197	0.34
19202	0.34
19207	0.34
19212	0.34
19217	0.34
19222	0.34
19227	0.34
19232	0.34
19237	0.34
19242	0.35
19247	0.35
19252	0.33
19257	0.34
19262	0.35
19267	0.33
19272	0.33
19277	0.35
19282	0.34
19287	0.33
19292	0.34
19297	0.35
19302	0.34
19307	0.34
19312	0.34
19317	0.34
19322	0.34
19327	0.34
19332	0.34
19337	0.34
19342	0.34
19347	0.34
19352	0.33
19357	0.34
19362	0.35
19367	0.00
19372	0.00
19377	0.18
19382	0.26
19387	0.29
19392	0.33
19397	0.34
19402	0.33
19407	0.34
19412	0.35
19417	0.34
19422	0.33
19427	0.35
19432	0.34
19437	0.33
19442	0.34
19447	0.35
19452	0.33
19457	0.34
19462	0.35
19467	0.34
19472	0.00
19477	3.30
19482	3.30
19487	0.00
19492	1.09
19497	3.30
19502	0.00
19507	0.00
19512	3.30
19517	0.15
19522	0.00
19527	3.30
19532	3.30
19537	0.00
19542	1.23
19547	3.30
19552	0.00
19557	0.00
19562	3.30
19567	0.21
19572	0.00
19577	3.30
19582	3.30
19587	0.00
19592	0.08
19597	0.23
19602	0.28
19607	0.31
19612	0.33
19617	0.33
19622	0.34
19627	0.35
19632	0.34
19637	0.34
19642	0.35
19647	0.35
19652	0.34
19657	0.34
19662	0.34
19667	0.34
19672	0.34
19677	0.34
19682	0.34
19687	0.34
19692	0.35
19697	0.35
19702	0.33
19707	0.34
19712	0.35
19717	0.34
19722	0.34
19727	3.30
19732	3.30
19737	2.64
19742	1.72
19747	2.47
19752	2.62
19757	2.74
19762	2.86
19767	2.94
19772	3.01
19777	3.06
19782	2.99
19787	2.96
19792	3.02
19797	2.97
19802	2.96
19807	3.01
19812	3.01
19817	2.96
19822	3.00
19827	3.04
19832	2.93
19837	2.93
19842	2.97
19847	2.92
19852	2.89
19857	2.94
19862	2.91
19867	2.84
19872	2.86
19877	2.87
19882	2.77
19887	2.77
19892	2.82
19897	2.76
19902	2.72
19907	2.77
19912	2.75
19917	2.60
19922	2.62
19927	2.67
19932	2.52
19937	2.43
19942	1.60
19947	1.10
19952	0.77
19957	0.58
19962	0.47
19967	0.00
19972	0.00
19977	0.19
19982	0.00
19987	0.00
19992	0.14
19997	0.25
20002	0.22
20007	0.28
20012	0.31
20017	0.26
20022	0.24
20027	0.29
20032	0.32
20037	0.34
20042	0.34
20047	0.34
20052	0.34
20057	0.34
20062	0.34
20067	0.35
20072	0.34
20077	0.34
20082	0.34
20087	0.34
20092	0.34
20097	0.34
20102	0.34
20107	0.34
20112	0.34
20117	0.34
20122	0.34
20127	0.34
20132	0.34
20137	0.34
20142	0.34
20147	0.34
20152	0.35
20157	0.35
20162	0.35
20167	0.35
20172	0.34
20177	0.34
20182	0.34
20187	0.34
20192	0.34
20197	0.34
20202	0.34
20207	0.34
20212	0.34
20217	0.34
20222	0.34
20227	0.34
20232	0.34
20237	0.35
20242	0.35
20247	0.34
20252	0.34
20257	0.34
20262	0.34
20267	0.34
20272	0.34
20277	0.34
20282	0.34
20287	0.34
20292	0.34
20297	0.34
20302	0.34
20307	0.35
20312	0.35
20317	0.34
20322	0.34
20327	0.34
20332	0.34
20337	0.34
20342	0.34
20347	0.34
20352	0.34
20357	0.34
20362	0.34
20367	0.34
20372	0.34
20377	0.34
20382	0.34
20387	0.34
20392	0.34
20397	0.34
20402	0.34
20407	0.34
20412	0.34
20417	0.34
20422	0.34
20427	0.34
20432	0.34
20437	0.34
20442	0.25
20447	0.28
20452	0.29
20457	0.30
20462	0.31
20467	0.30
20472	0.30
20477	0.31
20482	0.32
20487	0.33
20492	0.33
20497	0.34
20502	0.33
20507	0.34
20512	0.34
20517	0.34
20522	0.34
20527	0.34
20532	0.34
20537	0.34
20542	0.34
20547	0.34
20552	0.34
20557	0.34
20562	0.34
20567	0.34
20572	0.34
20577	0.34
20582	0.34
20587	0.34
20592	0.34
20597	0.34
20602	0.34
20607	0.34
20612	0.34
20617	0.34
20622	0.34
20627	0.34
20632	0.34
20637	0.34
20642	0.34
20647	0.34
20652	0.34
20657	0.34
20662	0.34
20667	0.34
20672	0.34
20677	0.34
20682	0.34
20687	0.34
20692	0.34
20697	0.34
20702	0.34
20707	0.34
20712	0.34
20717	0.30
20722	0.11
20727	0.24
20732	0.26
20737	0.00
20742	0.16
20747	0.26
20752	0.00
20757	0.05
20762	0.22
20767	0.26
20772	0.27
20777	0.31
20782	0.33
20787	0.33
20792	0.34
20797	0.34
20802	0.34
20807	0.34
20812	0.34
20817	0.34
20822	0.34
20827	0.34
20832	0.34
20837	0.34
20842	0.34
20847	0.34
20852	0.34
20857	0.34
20862	0.34
20867	0.34
20872	0.34
20877	0.34
20882	0.34
20887	0.34
20892	0.34
20897	0.34
20902	0.34
20907	0.34
20912	0.34
20917	0.34
20922	0.34
20927	0.34
20932	0.34
20937	0.34
20942	0.34
20947	0.34
20952	0.34
20957	0.34
20962	0.34
20967	0.34
20972	0.34
20977	0.34
20982	0.34
20987	0.34
20992	0.34
20997	0.34
21002	0.34
21007	0.34
21012	0.34
21017	0.34
21022	0.34
21027	0.34
21032	0.34
21037	0.34
21042	0.34
21047	0.34
21052	0.34
21057	0.34
21062	0.34
21067	0.34
21072	0.35
21077	0.34
21082	0.34
21087	0.35
21092	0.34
21097	0.34
21102	0.34
21107	0.34
21112	0.34
21117	0.34
21122	0.34
21127	0.34
21132	0.34
21137	0.35
21142	0.34
21147	0.34
21152	0.34
21157	0.34
21162	0.34
21167	0.34
21172	0.34
21177	0.34
21182	0.34
21187	0.35
21192	0.34
21197	0.34
21202	0.35
21207	0.34
21212	0.34
21217	0.34
21222	0.34
21227	0.34
21232	0.34
21237	0.34
21242	0.34
21247	0.34
21252	0.34
21257	0.34
21262	0.34
21267	0.34
21272	0.34
21277	0.34
21282	0.34
21287	0.35
21292	0.34
21297	0.34
21302	0.34
21307	0.34
21312	0.34
21317	0.34
21322	0.34
21327	0.34
21332	0.34
21337	0.35
21342	0.34
21347	0.34
21352	0.34
21357	0.34
21362	0.34
21367	0.35
21372	0.34
21377	0.34
21382	0.34
21387	0.34
21392	0.34
21397	0.34
21402	0.34
21407	0.34
21412	0.34
21417	0.34
21422	0.34
21427	0.34
21432	0.34
21437	0.34
21442	0.34
21447	0.34
21452	0.34
21457	0.34
21462	0.34
21467	0.34
21472	0.34
21477	0.34
21482	0.34
21487	0.34
21492	0.34
21497	0.34
21502	0.34
21507	0.34
21512	0.34
21517	0.34
21522	0.34
21527	0.34
21532	0.34
21537	0.34
21542	0.34
21547	0.34
21552	0.34
21557	0.34
21562	0.34
21567	0.34
21572	0.34
21577	0.34
21582	0.34
21587	0.34
21592	0.34
21597	0.34
21602	0.34
21607	0.34
21612	0.34
21617	0.35
21622	0.34
21627	0.34
21632	0.34
21637	0.34
21642	0.34
21647	0.34
21652	0.34
21657	0.34
21662	0.34
21667	0.34
21672	0.34
21677	0.34
21682	0.34
21687	0.35
21692	0.34
21697	0.34
21702	0.34
21707	0.34
21712	0.34
21717	0.34
21722	0.34
21727	0.34
21732	0.34
21737	0.35
21742	0.34
21747	0.34
21752	0.34
21757	0.34
21762	0.34
21767	0.34
21772	0.34
21777	0.34
21782	0.34
21787	0.34
21792	0.34
21797	0.34
21802	0.34
21807	0.34
21812	0.34
21817	0.34
21822	0.34
21827	0.34
21832	0.34
21837	0.34
21842	0.34
21847	0.34
21852	0.34
21857	0.34
21862	0.34
21867	0.34
21872	0.34
21877	0.34
21882	0.34
21887	0.34
21892	0.34
21897	0.34
21902	0.34
21907	0.34
21912	0.34
21917	0.34
21922	0.34
21927	0.34
21932	0.34
21937	0.35
21942	0.34
21947	0.34
21952	0.34
21957	0.34
21962	0.34
21967	0.34
21972	0.34
21977	0.34
21982	0.34
21987	0.34
21992	0.34
21997	0.34
22002	0.34
22007	0.34
22012	0.34
22017	0.34
22022	0.34
22027	0.34
22032	0.34
22037	0.34
22042	0.34
22047	0.34
22052	0.34
22057	0.34
22062	0.34
22067	0.34
22072	0.34
22077	0.34
22082	0.34
22087	0.34
22092	0.34
22097	0.34
22102	0.34
22107	0.34
22112	0.34
22117	0.34
22122	0.34
22127	0.34
22132	0.34
22137	0.34
22142	0.34
22147	0.34
22152	0.34
22157	0.34
22162	0.34
22167	0.34
22172	0.34
22177	0.34
22182	0.34
22187	0.34
22192	0.34
22197	0.34
22202	0.34
22207	0.34
22212	0.34
22217	0.34
22222	0.34
22227	0.34
22232	0.34
22237	0.34
22242	0.34
22247	0.34
22252	0.34
22257	0.34
22262	0.34
22267	0.34
22272	0.34
22277	0.34
22282	0.34
22287	0.34
22292	0.34
22297	0.34
22302	0.34
22307	0.34
22312	0.34
22317	0.34
22322	0.34
22327	0.34
22332	0.34
22337	0.34
22342	0.34
22347	0.34
22352	0.34
22357	0.34
22362	0.34
22367	0.34
22372	0.34
22377	0.34
22382	0.34
22387	0.34
22392	0.34
22397	0.34
22402	0.34
22407	0.34
22412	0.34
22417	0.34
22422	0.34
22427	0.32
22432	0.32
22437	0.33
22442	0.34
22447	0.34
22452	0.34
22457	0.34
22462	0.34
22467	0.34
22472	0.34
22477	0.34
22482	0.33
22487	0.33
22492	0.34
22497	0.34
22502	0.34
22507	0.34
22512	0.34
22517	0.34
22522	0.34
22527	0.34
22532	0.34
22537	0.34
22542	0.34
22547	0.34
22552	0.35
22557	0.34
22562	0.34
22567	0.34
22572	0.34
22577	0.34
22582	0.34
22587	0.34
22592	0.34
22597	0.34
22602	0.34
22607	0.34
22612	0.34
22617	0.34
22622	0.34
22627	0.35
22632	0.34
22637	0.33
22642	0.34
22647	0.35
22652	0.34
22657	0.34
22662	0.35
22667	0.34
22672	0.34
22677	0.35
22682	0.34
22687	0.34
22692	0.34
22697	0.96
22702	0.56
22707	0.00
22712	1.24
22717	1.02
22722	0.00
22727	0.20
22732	0.24
22737	0.00
22742	0.18
22747	0.26
22752	0.32
22757	0.34
22762	0.34
22767	0.33
22772	0.34
22777	0.34
22782	0.32
22787	0.24
22792	0.30
22797	0.32
22802	0.19
22807	0.25
22812	0.31
22817	0.32
22822	0.34
22827	0.35
22832	0.34
22837	0.34
22842	0.34
22847	0.34
22852	0.34
22857	0.34
22862	0.35
22867	0.34
22872	0.31
22877	0.30
22882	0.51
22887	0.51
22892	0.44
22897	0.39
22902	0.36
22907	0.68
22912	0.82
22917	0.57
22922	0.64
22927	0.90
22932	0.76
22937	0.74
22942	0.91
22947	0.85
22952	0.73
22957	0.87
22962	0.94
22967	0.68
22972	0.74
22977	0.85
22982	0.82
22987	0.60
22992	0.48
22997	0.41
23002	0.38
23007	0.37
23012	0.35
23017	0.34
23022	0.34
23027	0.35
23032	0.33
23037	0.34
23042	0.35
23047	0.35
23052	0.34
23057	0.35
23062	0.35
23067	0.35
23072	0.35
23077	0.35
23082	1.26
23087	1.31
23092	1.35
23097	1.35
23102	1.33
23107	1.36
23112	1.35
23117	1.32
23122	1.33
23127	1.36
23132	1.35
23137	1.36
23142	1.38
23147	1.38
23152	1.37
23157	1.39
23162	1.39
23167	1.36
23172	1.37
23177	1.40
23182	1.37
23187	1.36
23192	1.37
23197	1.36
23202	1.34
23207	1.35
23212	1.35
23217	1.31
23222	1.32
23227	1.33
23232	1.30
23237	1.29
23242	1.29
23247	1.28
23252	1.25
23257	1.26
23262	1.26
23267	1.23
23272	1.23
23277	1.24
23282	1.22
23287	1.21
23292	1.22
23297	1.21
23302	1.19
23307	1.20
23312	1.20
23317	1.17
23322	1.17
23327	1.19
23332	1.16
23337	1.14
23342	1.14
23347	1.12
23352	1.10
23357	1.11
23362	1.10
23367	1.08
23372	1.08
23377	1.08
23382	1.06
23387	1.05
23392	1.07
23397	1.08
23402	1.06
23407	1.06
23412	1.06
23417	1.04
23422	1.03
23427	1.03
23432	1.00
23437	0.98
23442	0.98
23447	0.96
23452	0.94
23457	0.94
23462	0.93
23467	0.91
23472	0.91
23477	0.91
23482	0.89
23487	0.89
23492	0.88
23497	0.87
23502	0.85
23507	0.85
23512	0.85
23517	0.83
23522	0.83
23527	0.83
23532	0.82
23537	0.71
23542	0.54
23547	0.45
23552	0.40
23557	0.37
23562	0.36
23567	0.35
23572	0.35
23577	0.35
23582	0.34
23587	0.34
23592	0.34
23597	0.34
23602	0.34
23607	0.34
23612	0.34
23617	0.34
23622	0.34
23627	0.34
23632	0.35
23637	0.35
23642	0.35
23647	0.35
23652	0.35
23657	0.35
23662	0.35
23667	0.70
23672	0.58
23677	0.47
23682	0.40
23687	0.37
23692	0.36
23697	0.34
23702	0.33
23707	0.34
23712	0.34
23717	0.34
23722	0.34
23727	0.35
23732	0.34
23737	0.34
23742	0.35
23747	0.34
23752	0.34
23757	0.35
23762	0.35
23767	0.95
23772	1.21
23777	1.33
23782	1.22
23787	1.22
23792	1.35
23797	1.32
23802	1.24
23807	1.40
23812	1.51
23817	1.42
23822	1.50
23827	1.65
23832	1.51
23837	1.51
23842	1.65
23847	1.62
23852	1.54
23857	1.61
23862	1.65
23867	1.49
23872	1.56
23877	1.69
23882	1.64
23887	1.12
23892	0.81
23897	0.60
23902	0.47
23907	0.42
23912	0.40
23917	0.37
23922	0.36
23927	0.36
23932	0.34
23937	0.35
23942	0.36
23947	0.35
23952	0.34
23957	0.36
23962	0.35
23967	0.34
23972	0.34
23977	0.35
23982	0.34
23987	0.34
23992	0.35
23997	0.35
24002	0.34
24007	0.34
24012	0.34
24017	0.34
24022	0.34
24027	0.36
24032	0.34
24037	0.33
24042	0.34
24047	0.34
24052	0.33
24057	0.34
24062	0.34
24067	0.33
24072	0.34
24077	0.35
24082	0.34
24087	0.34
24092	0.35
24097	0.34
24102	0.34
24107	0.35
24112	0.34
24117	0.33
24122	0.34
24127	0.35
24132	0.34
24137	0.34
24142	0.35
24147	0.34
24152	0.34
24157	0.34
24162	0.34
24167	0.33
24172	0.34
24177	0.34
24182	0.33
24187	0.33
24192	0.34
24197	0.34
24202	0.33
24207	0.34
24212	0.34
24217	0.33
24222	0.34
24227	0.34
24232	0.34
24237	0.34
24242	0.35
24247	0.34
24252	0.34
24257	0.34
24262	0.34
24267	0.34
24272	0.34
24277	0.34
24282	0.34
24287	0.34
24292	0.34
24297	0.34
24302	0.34
24307	0.34
24312	0.34
24317	0.34
24322	0.34
24327	0.34
24332	0.34
24337	0.34
24342	0.34
24347	0.34
24352	0.34
24357	0.34
24362	0.34
24367	0.34
24372	0.34
24377	0.35
24382	0.34
24387	0.34
24392	0.34
24397	0.34
24402	0.34
24407	0.34
24412	0.34
24417	0.34
24422	0.34
24427	0.34
24432	0.33
24437	0.34
24442	0.34
24447	0.34
24452	0.34
24457	0.34
24462	0.34
24467	0.34
24472	0.34
24477	0.35
24482	0.34
24487	0.34
24492	0.34
24497	0.34
24502	0.34
24507	0.34
24512	0.36
24517	0.34
24522	0.34
24527	0.34
24532	0.34
24537	0.34
24542	0.34
24547	0.34
24552	0.34
24557	0.34
24562	0.34
24567	0.34
24572	0.34
24577	0.34
24582	0.34
24587	0.34
24592	0.34
24597	0.34
24602	0.34
24607	0.35
24612	0.34
24617	0.34
24622	0.34
24627	0.35
24632	0.34
24637	0.35
24642	0.35
24647	0.34
24652	0.34
24657	0.34
24662	0.34
24667	0.34
24672	0.34
24677	0.35
24682	0.34
24687	0.35
24692	0.36
24697	0.35
24702	0.34
24707	0.31
24712	0.31
24717	0.30
24722	0.30
24727	0.32
24732	0.32
24737	0.33
24742	0.34
24747	0.34
24752	0.33
24757	0.33
24762	0.34
24767	0.33
24772	0.34
24777	0.34
24782	0.34
24787	0.34
24792	0.34
24797	0.34
24802	0.31
24807	0.70
24812	1.09
24817	1.32
24822	1.70
24827	1.46
24832	1.43
24837	1.46
24842	1.59
24847	1.58
24852	1.53
24857	1.56
24862	1.55
24867	1.53
24872	1.52
24877	1.59
24882	1.57
24887	1.59
24892	1.63
24897	1.60
24902	1.58
24907	1.60
24912	1.63
24917	1.60
24922	1.61
24927	1.63
24932	1.59
24937	1.61
24942	1.65
24947	1.61
24952	1.58
24957	1.61
24962	1.60
24967	1.57
24972	1.58
24977	1.59
24982	1.51
24987	1.48
24992	1.49
24997	1.46
25002	1.42
25007	1.43
25012	1.42
25017	1.38
25022	1.38
25027	1.37
25032	1.32
25037	1.31
25042	1.32
25047	1.29
25052	1.26
25057	1.27
25062	1.25
25067	1.22
25072	1.23
25077	1.27
25082	1.28
25087	1.29
25092	1.35
25097	1.35
25102	1.30
25107	1.31
25112	1.31
25117	1.28
25122	1.28
25127	1.31
25132	1.30
25137	1.30
25142	1.30
25147	1.29
25152	1.27
25157	1.29
25162	1.30
25167	1.27
25172	1.25
25177	1.26
25182	1.23
25187	1.22
25192	1.23
25197	1.22
25202	1.21
25207	1.24
25212	1.24
25217	1.23
25222	1.26
25227	1.29
25232	1.29
25237	1.29
25242	1.31
25247	1.32
25252	1.33
25257	1.36
25262	1.40
25267	1.40
25272	1.42
25277	1.46
25282	1.45
25287	1.47
25292	1.50
25297	1.52
25302	1.52
25307	1.55
25312	1.57
25317	1.55
25322	1.56
25327	1.59
25332	1.57
25337	1.57
25342	1.60
25347	1.59
25352	1.56
25357	1.58
25362	1.61
25367	1.59
25372	1.61
25377	1.72
25382	1.67
25387	1.66
25392	1.73
25397	1.77
25402	1.78
25407	1.86
25412	1.97
25417	2.07
25422	2.12
25427	2.16
25432	1.83
25437	1.58
25442	1.63
25447	1.57
25452	1.41
25457	1.19
25462	1.16
25467	1.00
25472	0.71
25477	0.56
25482	0.44
25487	0.40
25492	0.38
25497	0.37
25502	0.35
25507	0.35
25512	0.35
25517	0.35
25522	0.35
25527	0.35
25532	0.35
25537	0.35
25542	0.35
25547	0.35
25552	0.35
25557	0.34
25562	0.34
25567	0.34
25572	0.34
25577	0.35
25582	0.34
25587	0.34
25592	0.34
25597	0.34
25602	0.34
25607	0.34
25612	0.34
25617	0.34
25622	0.34
25627	0.34
25632	0.34
25637	0.34
25642	0.34
25647	0.34
25652	0.34
25657	0.34
25662	0.34
25667	0.34
25672	0.34
25677	0.34
25682	0.34
25687	0.35
25692	0.35
25697	0.34
25702	0.34
25707	0.34
25712	0.34
25717	0.35
25722	0.34
25727	0.33
25732	0.32
25737	0.36
25742	0.36
25747	0.35
25752	0.37
25757	0.36
25762	0.34
25767	0.34
25772	0.34
25777	0.34
25782	0.34
25787	0.34
25792	0.34
25797	0.34
25802	0.34
25807	0.34
25812	0.34
25817	0.34
25822	0.34
25827	0.34
25832	0.33
25837	0.33
25842	0.34
25847	0.34
25852	0.34
25857	0.35
25862	0.35
25867	0.34
25872	0.34
25877	0.34
25882	0.34
25887	0.34
25892	0.34
25897	0.34
25902	0.33
25907	0.34
25912	0.34
25917	0.33
25922	0.34
25927	0.34
25932	0.34
25937	0.34
25942	0.34
25947	0.34
25952	0.34
25957	0.34
25962	0.33
25967	0.34
25972	0.34
25977	0.34
25982	0.34
25987	0.34
25992	0.34
25997	0.34
26002	0.34
26007	0.34
26012	0.34
26017	0.33
26022	0.33
26027	0.34
26032	0.34
26037	0.34
26042	0.34
26047	0.34
26052	0.34
26057	0.34
26062	0.34
26067	0.34
26072	0.34
26077	0.34
26082	0.34
26087	0.33
26092	0.34
26097	0.34
26102	0.34
26107	0.34
26112	0.34
26117	0.34
26122	0.35
26127	0.35
26132	0.34
26137	0.34
26142	0.35
26147	0.35
26152	0.34
26157	0.34
26162	0.34
26167	0.34
26172	0.35
26177	0.35
26182	0.34
26187	0.34
26192	0.34
26197	0.34
26202	0.34
26207	0.34
26212	0.34
26217	0.33
26222	0.33
26227	0.34
26232	0.34
26237	0.33
26242	0.33
26247	0.33
26252	0.33
26257	0.32
26262	0.32
26267	0.33
26272	0.33
26277	0.34
26282	0.34
26287	0.34
26292	0.33
26297	0.34
26302	0.33
26307	0.33
26312	0.33
26317	0.33
26322	0.33
26327	0.32
26332	0.32
26337	0.26
26342	0.28
26347	0.29
26352	0.19
26357	0.17
26362	0.16
26367	0.00
26372	0.00
26377	0.00
26382	0.00
26387	0.00
26392	0.07
26397	0.11
26402	0.10
26407	0.12
26412	0.12
26417	0.09
26422	0.12
26427	0.16
26432	0.21
26437	0.24
26442	0.36
26447	0.48
26452	0.57
26457	0.63
26462	0.66
26467	0.62
26472	0.85
26477	0.96
26482	0.86
26487	0.85
26492	0.85
26497	0.84
26502	0.73
26507	0.76
26512	0.73
26517	0.70
26522	0.63
26527	0.62
26532	0.61
26537	0.60
26542	0.60
26547	0.59
26552	0.56
26557	0.59
26562	0.60
26567	0.56
26572	0.59
26577	0.59
26582	0.55
26587	0.52
26592	0.44
26597	0.09
26602	0.00
26607	0.00
26612	0.00
26617	0.00
26622	0.00
26627	0.00
26632	0.00
26637	0.00
26642	0.00
26647	0.00
26652	0.00
26657	0.01
26662	0.04
26667	0.00
26672	0.00
26677	0.06
26682	0.00
26687	0.00
26692	0.04
26697	0.02
26702	0.00
26707	0.02
26712	0.06
26717	0.00
26722	0.01
26727	0.11
26732	0.03
26737	0.02
26742	0.11
26747	0.09
26752	0.01
26757	0.20
26762	0.28
26767	0.30
26772	0.32
26777	0.33
26782	0.33
26787	0.34
26792	0.34
26797	0.33
26802	0.33
26807	0.33
26812	0.34
26817	0.33
26822	0.34
26827	0.34
26832	0.34
26837	0.34
26842	0.34
26847	0.34
26852	0.34
26857	0.34
26862	0.34
26867	0.34
26872	0.34
26877	0.34
26882	0.34
26887	0.34
26892	0.34
26897	0.34
26902	0.34
26907	0.34
26912	0.34
26917	0.34
26922	0.34
26927	0.34
26932	0.33
26937	0.33
26942	0.34
26947	0.34
26952	0.34
26957	0.34
26962	0.34
26967	0.34
26972	0.34
26977	0.34
26982	0.34
26987	0.34
26992	0.34
26997	0.34
27002	0.34
27007	0.34
27012	0.34
27017	0.34
27022	0.34
27027	0.34
27032	0.34
27037	0.34
27042	0.34
27047	0.34
27052	0.34
27057	0.34
27062	0.33
27067	0.33
27072	0.34
27077	0.34
27082	0.34
27087	0.34
27092	0.34
27097	0.34
27102	0.34
27107	0.34
27112	0.34
27117	0.34
27122	0.34
27127	0.34
27132	0.34
27137	0.34
27142	0.34
27147	0.34
27152	0.34
27157	0.34
27162	0.34
27167	0.34
27172	0.34
27177	0.40
27182	0.27
27187	0.25
27192	0.37
27197	0.35
27202	0.22
27207	0.28
27212	0.78
27217	0.69
27222	0.79
27227	0.80
27232	0.76
27237	0.80
27242	0.84
27247	0.84
27252	0.82
27257	0.83
27262	0.84
27267	0.82
27272	0.82
27277	0.85
27282	0.81
27287	0.83
27292	0.86
27297	0.85
27302	0.82
27307	0.84
27312	0.84
27317	0.82
27322	0.82
27327	0.85
27332	0.81
27337	0.81
27342	0.85
27347	0.76
27352	0.74
27357	0.74
27362	0.76
27367	0.70
27372	0.75
27377	0.67
27382	0.59
27387	0.57
27392	0.62
27397	0.61
27402	0.54
27407	0.60
27412	0.52
27417	0.35
27422	0.35
27427	0.39
27432	0.33
27437	0.31
27442	0.36
27447	0.34
27452	0.28
27457	0.31
27462	0.59
27467	0.31
27472	0.30
27477	0.35
27482	0.39
27487	0.47
27492	0.66
27497	0.71
27502	0.71
27507	0.75
27512	0.82
27517	0.79
27522	0.85
27527	0.91
27532	0.86
27537	0.88
27542	0.96
27547	1.01
27552	0.98
27557	1.11
27562	1.16
27567	1.12
27572	1.13
27577	1.14
27582	0.81
27587	0.60
27592	0.48
27597	0.40
27602	0.36
27607	0.35
27612	0.34
27617	0.34
27622	0.34
27627	0.34
27632	0.33
27637	0.34
27642	0.34
27647	0.34
27652	0.35
27657	0.35
27662	0.35
27667	0.35
27672	0.35
27677	0.35
27682	0.34
27687	0.34
27692	0.34
27697	0.34
27702	0.34
27707	0.34
27712	0.34
27717	0.34
27722	0.34
27727	0.34
27732	0.34
27737	0.33
27742	0.34
27747	0.34
27752	0.34
27757	0.34
27762	0.34
27767	0.34
27772	0.34
27777	0.34
27782	0.33
27787	0.34
27792	0.34
27797	0.34
27802	0.34
27807	0.34
27812	0.34
27817	0.33
27822	0.34
27827	0.34
27832	0.34
27837	0.34
27842	0.34
27847	0.34
27852	0.34
27857	0.35
27862	0.34
27867	0.34
27872	0.34
27877	0.34
27882	0.34
27887	0.34
27892	0.34
27897	0.34
27902	0.34
27907	0.34
27912	0.34
27917	0.34
27922	0.34
27927	0.34
27932	0.33
27937	0.34
27942	0.34
27947	0.34
27952	0.34
27957	0.34
27962	0.34
27967	0.34
27972	0.34
27977	0.34
27982	0.34
27987	0.34
27992	0.34
27997	0.34
28002	0.34
28007	0.34
28012	0.34
28017	0.34
28022	0.34
28027	0.34
28032	0.34
28037	0.34
28042	0.34
28047	0.34
28052	0.34
28057	0.34
28062	0.34
28067	0.34
28072	0.34
28077	0.34
28082	0.33
28087	0.33
28092	0.34
28097	0.34
28102	0.33
28107	0.34
28112	0.33
28117	0.33
28122	0.34
28127	0.34
28132	0.33
28137	0.34
28142	0.34
28147	0.34
28152	0.33
28157	0.34
28162	0.34
28167	0.34
28172	1.55
28177	1.59
28182	1.55
28187	1.59
28192	1.65
28197	1.64
28202	1.63
28207	1.69
28212	1.72
28217	1.70
28222	1.76
28227	1.79
28232	1.78
28237	1.80
28242	1.85
28247	1.85
28252	1.84
28257	1.89
28262	1.91
28267	1.91
28272	1.94
28277	1.98
28282	1.98
28287	2.00
28292	2.03
28297	2.04
28302	2.02
28307	2.05
28312	2.06
28317	2.03
28322	2.05
28327	2.07
28332	2.04
28337	2.04
28342	2.08
28347	2.06
28352	2.03
28357	2.04
28362	2.04
28367	2.00
28372	2.00
28377	2.02
28382	1.96
28387	1.92
28392	1.90
28397	1.87
28402	1.82
28407	1.83
28412	1.85
28417	1.77
28422	1.66
28427	1.13
28432	0.80
28437	0.59
28442	0.48
28447	0.42
28452	0.38
28457	0.38
28462	0.36
28467	0.35
28472	0.35
28477	0.35
28482	0.34
28487	0.35
28492	0.34
28497	0.34
28502	0.34
28507	0.35
28512	0.34
28517	0.34
28522	0.34
28527	0.34
28532	0.34
28537	0.34
28542	0.34
28547	0.34
28552	0.34
28557	0.34
28562	0.35
28567	0.34
28572	0.34
28577	0.34
28582	0.34
28587	0.34
28592	0.35
28597	0.34
28602	0.34
28607	0.34
28612	0.34
28617	0.34
28622	0.33
28627	0.34
28632	0.34
28637	0.34
28642	0.34
28647	0.34
28652	0.34
28657	0.34
28662	0.34
28667	0.34
28672	0.34
28677	0.34
28682	0.34
28687	0.34
28692	0.34
28697	0.34
28702	0.34
28707	0.34
28712	0.34
28717	0.34
28722	0.34
28727	0.33
28732	0.33
28737	0.33
28742	0.34
28747	0.33
28752	0.34
28757	0.34
28762	0.34
28767	0.34
28772	0.34
28777	0.34
28782	0.34
28787	0.34
28792	0.34
28797	0.34
28802	0.34
28807	0.34
28812	0.34
28817	0.34
28822	0.34
28827	0.34
28832	0.34
